%YAML:1.0
---
calibration_time: "2018年02月24日 星期六 08时13分26秒"
nframes: 15
image_width: 640
image_height: 480
board_width: 9
board_height: 6
square_size: 25.
flags: 0
camera_matrix: !!opencv-matrix
   rows: 3
   cols: 3
   dt: d
   data: [ 4.3432117154239245e+02, 0., 3.1193771619060414e+02, 0.,
       4.3328711210535027e+02, 2.2796246806756872e+02, 0., 0., 1. ]
distortion_coefficients: !!opencv-matrix
   rows: 5
   cols: 1
   dt: d
   data: [ 1.0429155329015702e-01, -5.3269022397251575e-01,
       1.3084261454870169e-03, 3.9500118175542073e-03,
       8.7758864011936022e-01 ]
avg_reprojection_error: 1.8200401311828296e-01
per_view_reprojection_errors: !!opencv-matrix
   rows: 15
   cols: 1
   dt: f
   data: [ 1.54231191e-01, 1.71943352e-01, 1.86874360e-01,
       1.51342392e-01, 1.72796533e-01, 2.38171428e-01, 2.43938282e-01,
       1.76163658e-01, 1.67578012e-01, 1.49237081e-01, 1.62487671e-01,
       1.60145760e-01, 1.85453057e-01, 1.78237021e-01, 2.00038835e-01 ]
extrinsic_parameters: !!opencv-matrix
   rows: 15
   cols: 6
   dt: d
   data: [ 4.9074678276940849e-02, -4.9838095377221434e-02,
       -3.0463003231129440e+00, 3.0847729276853465e+02,
       1.5194145119358302e+02, 6.1972435096803804e+02,
       3.0030277264755524e-02, -4.0283910651840824e-02,
       -3.0608861173853303e+00, 3.1127183212377685e+02,
       1.3079047531156075e+02, 6.1751872885193143e+02,
       -1.4332312534427205e-01, -8.1518221647900277e-02,
       2.9885139376028280e+00, 3.1920657775450445e+02,
       1.0873601703370151e+02, 6.2182954871996185e+02,
       -7.3596475776447290e-02, 4.8007565017277494e-02,
       2.6507369719776777e+00, 3.2346356797250866e+02,
       6.2187059664394134e+01, 6.2041728560540162e+02,
       -2.2580273736856993e-01, 6.9616681134581360e-02,
       2.3888095855618885e+00, 3.0668938172185602e+02,
       3.6199310171806601e+01, 6.4433732636323657e+02,
       -2.8608071157113701e-01, 1.0004659825124271e-01,
       2.1486202880311707e+00, 3.1773738365144141e+02,
       1.9640670469002941e+00, 6.5644347025399713e+02,
       -2.4716759635169486e-01, -1.0698391808793364e-01,
       5.0566320018889432e-01, 9.0403114632785432e+01,
       -2.3328891531923958e+01, 6.1366197943335953e+02,
       -2.4204910583649972e-01, -4.6454083138045846e-02,
       3.6396040095723120e-01, 9.7035053797109398e+01,
       -8.2707463784810571e+00, 6.1811545356228874e+02,
       -2.5826555831455278e-01, -1.0353993819053553e-02,
       1.6492534227691913e-01, 9.0200687068720370e+01,
       9.3252628778326354e+00, 6.2210047445025725e+02,
       -1.8137135688599237e-01, -8.1624032890136006e-02,
       -5.0215222736181203e-02, 8.8671366812532824e+01,
       3.2053910927591879e+01, 6.0206263975662796e+02,
       -1.6956045018274646e-01, -9.7530990255644143e-02,
       -3.7190917707095839e-01, 7.7962994848366861e+01,
       6.1408091660940592e+01, 5.9606151637515006e+02,
       -9.3239804957184591e-02, -1.0591220662643507e-01,
       -7.3645098301670742e-01, 7.5301846636327681e+01,
       1.0719484338842796e+02, 5.8664615797772694e+02,
       -6.9919255528556906e-02, -1.2844852380502730e-01,
       -1.0397910422215859e+00, 7.0212502380561546e+01,
       1.2950088387748428e+02, 5.8509861288090144e+02,
       -9.7675638073701804e-02, -9.3763534452364378e-02,
       -1.1731957255351977e+00, 8.6616932141684828e+01,
       1.3656976966266174e+02, 5.8766784848303973e+02,
       -7.7746752513205286e-02, -1.4526562978180368e-01,
       -1.3090539028845551e+00, 1.3319103883075064e+02,
       1.3790766676960411e+02, 5.7053021392919209e+02 ]
image_points: !!opencv-matrix
   rows: 15
   cols: 54
   dt: "2f"
   data: [ 5.31303284e+02, 3.35686920e+02, 5.13748962e+02,
       3.34043823e+02, 4.96061127e+02, 3.32440460e+02, 4.78544861e+02,
       3.30711517e+02, 4.60715698e+02, 3.29248352e+02, 4.43369232e+02,
       3.27486145e+02, 4.25542816e+02, 3.25782104e+02, 4.07824249e+02,
       3.24293488e+02, 3.89979370e+02, 3.22511963e+02, 5.32538269e+02,
       3.17876770e+02, 5.14858582e+02, 3.16289978e+02, 4.97438385e+02,
       3.14550110e+02, 4.79899902e+02, 3.12982178e+02, 4.62289307e+02,
       3.11321533e+02, 4.44637329e+02, 3.09647827e+02, 4.27109680e+02,
       3.08107178e+02, 4.09389343e+02, 3.06404663e+02, 3.91444885e+02,
       3.04746429e+02, 5.33609497e+02, 3.00201385e+02, 5.15962158e+02,
       2.98447449e+02, 4.98685638e+02, 2.96927063e+02, 4.81142120e+02,
       2.95263184e+02, 4.63602905e+02, 2.93548157e+02, 4.46208008e+02,
       2.91929169e+02, 4.28611786e+02, 2.90396881e+02, 4.10683929e+02,
       2.88657471e+02, 3.93145874e+02, 2.86833679e+02, 5.34882935e+02,
       2.82569397e+02, 5.17210693e+02, 2.80912445e+02, 5.00010803e+02,
       2.79179535e+02, 4.82464539e+02, 2.77509766e+02, 4.65037811e+02,
       2.75895416e+02, 4.47698944e+02, 2.74336487e+02, 4.30154999e+02,
       2.72598145e+02, 4.12125275e+02, 2.70800537e+02, 3.94676605e+02,
       2.69416473e+02, 5.36243042e+02, 2.64959961e+02, 5.19034241e+02,
       2.63335175e+02, 5.01573700e+02, 2.61626312e+02, 4.84038696e+02,
       2.59850342e+02, 4.66626831e+02, 2.58384216e+02, 4.49247253e+02,
       2.56681091e+02, 4.31337555e+02, 2.54960739e+02, 4.13661133e+02,
       2.53400711e+02, 3.96105804e+02, 2.51548386e+02, 5.37758118e+02,
       2.47438202e+02, 5.20602051e+02, 2.45748199e+02, 5.02739197e+02,
       2.44069885e+02, 4.85548645e+02, 2.42447327e+02, 4.68084686e+02,
       2.40784241e+02, 4.50408813e+02, 2.39119965e+02, 4.32699677e+02,
       2.37454788e+02, 4.15286499e+02, 2.35685028e+02, 3.97416290e+02,
       2.34264771e+02, 5.33984192e+02, 3.21149750e+02, 5.16327026e+02,
       3.19584808e+02, 4.98371735e+02, 3.18282104e+02, 4.80714874e+02,
       3.16638641e+02, 4.62873932e+02, 3.15366364e+02, 4.45336212e+02,
       3.13769836e+02, 4.27449402e+02, 3.12426453e+02, 4.09639191e+02,
       3.11062683e+02, 3.91690796e+02, 3.09271515e+02, 5.35068115e+02,
       3.03366821e+02, 5.17209839e+02, 3.01700836e+02, 4.99471191e+02,
       3.00318359e+02, 4.81898468e+02, 2.98878479e+02, 4.64266998e+02,
       2.97508759e+02, 4.46464294e+02, 2.96120087e+02, 4.28704407e+02,
       2.94534454e+02, 4.11050110e+02, 2.93212860e+02, 3.92994080e+02,
       2.91736633e+02, 5.36126526e+02, 2.85367493e+02, 5.18204712e+02,
       2.83931732e+02, 5.00528564e+02, 2.82586945e+02, 4.82961517e+02,
       2.81066254e+02, 4.65275330e+02, 2.79699341e+02, 4.47653320e+02,
       2.78258301e+02, 4.30156921e+02, 2.76953949e+02, 4.12123413e+02,
       2.75446289e+02, 3.94352234e+02, 2.73852936e+02, 5.37171021e+02,
       2.67779510e+02, 5.19193176e+02, 2.66328949e+02, 5.01735382e+02,
       2.64825348e+02, 4.84080017e+02, 2.63415161e+02, 4.66579468e+02,
       2.62010071e+02, 4.49074005e+02, 2.60557159e+02, 4.31404419e+02,
       2.59174133e+02, 4.13146729e+02, 2.57578003e+02, 3.95679688e+02,
       2.56468475e+02, 5.38281921e+02, 2.50012192e+02, 5.20748108e+02,
       2.48692917e+02, 5.03197876e+02, 2.47276764e+02, 4.85485382e+02,
       2.45679764e+02, 4.67848724e+02, 2.44402130e+02, 4.50327179e+02,
       2.42918701e+02, 4.32348907e+02, 2.41493500e+02, 4.14582703e+02,
       2.40194092e+02, 3.97046875e+02, 2.38511658e+02, 5.39708862e+02,
       2.32505890e+02, 5.22272583e+02, 2.30999969e+02, 5.04383820e+02,
       2.29566803e+02, 4.86792297e+02, 2.28207886e+02, 4.69183228e+02,
       2.26634995e+02, 4.51333557e+02, 2.25356720e+02, 4.33485657e+02,
       2.23875092e+02, 4.15970490e+02, 2.22429947e+02, 3.98028503e+02,
       2.21243591e+02, 5.38094849e+02, 3.04772675e+02, 5.21391602e+02,
       3.07627106e+02, 5.04351044e+02, 3.10545929e+02, 4.87476044e+02,
       3.13475372e+02, 4.70301300e+02, 3.16502808e+02, 4.53325836e+02,
       3.19470428e+02, 4.35803101e+02, 3.22473145e+02, 4.18487061e+02,
       3.25514404e+02, 4.00597961e+02, 3.28392944e+02, 5.36088257e+02,
       2.87527069e+02, 5.18850891e+02, 2.90358826e+02, 5.02019012e+02,
       2.93022888e+02, 4.85112061e+02, 2.96019928e+02, 4.68034546e+02,
