%YAML:1.0
---
calibration_time: "2018年02月24日 星期六 08时13分26秒"
nframes: 15
image_width: 640
image_height: 480
board_width: 9
board_height: 6
square_size: 25.
flags: 0
camera_matrix: !!opencv-matrix
   rows: 3
   cols: 3
   dt: d
   data: [ 4.4249721486054227e+02, 0., 3.1629648956916122e+02, 0.,
       4.4030796299871707e+02, 2.3904312659652825e+02, 0., 0., 1. ]
distortion_coefficients: !!opencv-matrix
   rows: 5
   cols: 1
   dt: d
   data: [ 1.0191355146190370e-01, -3.2607285204569347e-01,
       -2.0829014061890606e-04, 9.9205207134966441e-03,
       3.9283135416781484e-01 ]
avg_reprojection_error: 1.5051451085241740e-01
per_view_reprojection_errors: !!opencv-matrix
   rows: 15
   cols: 1
   dt: f
   data: [ 1.27764776e-01, 1.47241175e-01, 1.14380173e-01,
       1.12426460e-01, 9.83164012e-02, 1.15754694e-01, 1.32914141e-01,
       1.40794799e-01, 1.69389352e-01, 1.35253489e-01, 1.14622243e-01,
       1.21701442e-01, 2.42816925e-01, 1.48044512e-01, 2.44387656e-01 ]
extrinsic_parameters: !!opencv-matrix
   rows: 15
   cols: 6
   dt: d
   data: [ 7.4782446590408669e-02, -5.2003064558212055e-02,
       -3.0591364601151594e+00, -7.4825368867501339e+01,
       1.5679884596543857e+02, 6.2608960763810398e+02,
       4.7052927050354361e-02, -3.7940444886307420e-02,
       -3.0742365202642175e+00, -7.1826684159307490e+01,
       1.3557833864067058e+02, 6.2308500464738734e+02,
       -1.7473026169998226e-01, -7.0974935354721352e-02,
       2.9748092625489959e+00, -6.4738760432265622e+01,
       1.1351694035289739e+02, 6.2874455803073374e+02,
       -9.9682735398183064e-02, 5.3412066227841559e-02,
       2.6365847720365574e+00, -6.0700928503810296e+01,
       6.6897693504443652e+01, 6.2713949151607414e+02,
       -2.5422168959754682e-01, 6.1649512081747758e-02,
       2.3736481461939594e+00, -7.8548657390039793e+01,
       4.1319219400550509e+01, 6.5157820629904029e+02,
       -3.0958186246515007e-01, 9.5382449396814034e-02,
       2.1320774916994960e+00, -6.8115322572055518e+01,
       6.9636901244554448e+00, 6.6373693666467909e+02,
       -2.4518740664804112e-01, -1.1390207675523487e-01,
       4.9176763532718976e-01, -2.9479612643786805e+02,
       -1.5684111214330295e+01, 6.1702857253374555e+02,
       -2.3810953683379402e-01, -6.2752466295874332e-02,
       3.4954663938648922e-01, -2.8821099182884205e+02,
       -7.1838183446782866e-01, 6.2078392585851338e+02,
       -2.6333028760941540e-01, -3.5805496699477135e-02,
       1.4938810655775753e-01, -2.9562410986153566e+02,
       1.6925720846732808e+01, 6.2380654496690011e+02,
       -1.7186381948574234e-01, -9.8704984357713937e-02,
       -6.4069930839016812e-02, -2.9565081878267722e+02,
       3.9683772640281532e+01, 6.0423245668722279e+02,
       -1.6531352903581331e-01, -1.2178435885958899e-01,
       -3.8602977902622421e-01, -3.0613593229549917e+02,
       6.9135537579688048e+01, 5.9768905306885972e+02,
       -9.2030302022129112e-02, -1.3298353216320730e-01,
       -7.4913949164922322e-01, -3.0784373968793790e+02,
       1.1473604085234470e+02, 5.8767034012407794e+02,
       -7.9898026529547556e-02, -1.6467522428171280e-01,
       -1.0533879985088961e+00, -3.1258631339374585e+02,
       1.3686847395605406e+02, 5.8435713375972341e+02,
       -8.2355705765952247e-02, -1.1955642829554705e-01,
       -1.1863605415476330e+00, -2.9643361199684290e+02,
       1.4406716108354098e+02, 5.8879717833027701e+02,
       -7.1946601712937333e-02, -1.7037561407129667e-01,
       -1.3223483761315993e+00, -2.4938482552102525e+02,
       1.4459435716063203e+02, 5.7170357798022599e+02 ]
image_points: !!opencv-matrix
   rows: 15
   cols: 54
   dt: "2f"
   data: [ 2.63433929e+02, 3.49901611e+02, 2.45761002e+02,
       3.48483002e+02, 2.27944321e+02, 3.47300415e+02, 2.10414642e+02,
       3.45872192e+02, 1.92402786e+02, 3.44632721e+02, 1.74466263e+02,
       3.43419952e+02, 1.56348984e+02, 3.42122223e+02, 1.38301102e+02,
       3.40837738e+02, 1.20295677e+02, 3.39410034e+02, 2.64973907e+02,
       3.31981354e+02, 2.47370789e+02, 3.30647064e+02, 2.29587677e+02,
       3.29301270e+02, 2.11811829e+02, 3.28081421e+02, 1.94053207e+02,
       3.26665253e+02, 1.75949936e+02, 3.25481232e+02, 1.57973267e+02,
       3.24250183e+02, 1.39946411e+02, 3.22977600e+02, 1.22221413e+02,
       3.21604584e+02, 2.66483917e+02, 3.14264496e+02, 2.48908417e+02,
       3.12868958e+02, 2.31228073e+02, 3.11612610e+02, 2.13515930e+02,
       3.10016205e+02, 1.95586487e+02, 3.08924347e+02, 1.77614700e+02,
       3.07641357e+02, 1.59507736e+02, 3.06477203e+02, 1.41741898e+02,
       3.05175842e+02, 1.23690224e+02, 3.03576447e+02, 2.67961823e+02,
       2.96627045e+02, 2.50325897e+02, 2.95222473e+02, 2.32794540e+02,
       2.93732513e+02, 2.15036209e+02, 2.92522491e+02, 1.97372284e+02,
       2.91149780e+02, 1.79081329e+02, 2.89956360e+02, 1.61392746e+02,
       2.88619354e+02, 1.43471542e+02, 2.87121002e+02, 1.25318115e+02,
       2.85881958e+02, 2.69391022e+02, 2.78940948e+02, 2.51774841e+02,
       2.77616852e+02, 2.34269302e+02, 2.76356323e+02, 2.16643982e+02,
       2.74858856e+02, 1.98636383e+02, 2.73625122e+02, 1.80897446e+02,
       2.72309174e+02, 1.62957489e+02, 2.70812164e+02, 1.45147263e+02,
       2.69531952e+02, 1.27080170e+02, 2.68007385e+02, 2.70786804e+02,
       2.61578796e+02, 2.53339706e+02, 2.60274567e+02, 2.35779907e+02,
       2.58671051e+02, 2.18138901e+02, 2.57455170e+02, 2.00303299e+02,
       2.55932083e+02, 1.82556656e+02, 2.54578568e+02, 1.64677246e+02,
       2.53162552e+02, 1.46660553e+02, 2.51722824e+02, 1.28615601e+02,
       2.50544250e+02, 2.65219421e+02, 3.35322845e+02, 2.47552155e+02,
       3.34085297e+02, 2.29817215e+02, 3.33016022e+02, 2.12203369e+02,
       3.31804230e+02, 1.94164108e+02, 3.30760071e+02, 1.76317245e+02,
       3.29658752e+02, 1.58085037e+02, 3.28673706e+02, 1.40242035e+02,
       3.27529755e+02, 1.22271263e+02, 3.26160278e+02, 2.66472778e+02,
       3.17408356e+02, 2.48860199e+02, 3.16245178e+02, 2.31300568e+02,
       3.15023499e+02, 2.13379120e+02, 3.13880157e+02, 1.95539703e+02,
       3.12813599e+02, 1.77516373e+02, 3.11783600e+02, 1.59503860e+02,
       3.10667419e+02, 1.41527634e+02, 3.09556763e+02, 1.23806709e+02,
       3.08553986e+02, 2.67808289e+02, 2.99602478e+02, 2.50275818e+02,
       2.98424744e+02, 2.32514160e+02, 2.97385406e+02, 2.14705856e+02,
       2.96202667e+02, 1.96786942e+02, 2.95076691e+02, 1.78771729e+02,
       2.93826477e+02, 1.60817337e+02, 2.92996155e+02, 1.43111740e+02,
       2.91756378e+02, 1.25033081e+02, 2.90545502e+02, 2.69090027e+02,
       2.81805084e+02, 2.51289810e+02, 2.80702911e+02, 2.33677094e+02,
       2.79481110e+02, 2.15917740e+02, 2.78431000e+02, 1.98286896e+02,
       2.77254425e+02, 1.80021179e+02, 2.76277283e+02, 1.62384430e+02,
       2.75046906e+02, 1.44375565e+02, 2.73817902e+02, 1.26455261e+02,
       2.72935760e+02, 2.70045105e+02, 2.64274963e+02, 2.52511246e+02,
       2.63137604e+02, 2.34905594e+02, 2.61744812e+02, 2.17360382e+02,
       2.60676331e+02, 1.99238739e+02, 2.59668976e+02, 1.81515091e+02,
       2.58410889e+02, 1.63517609e+02, 2.57361176e+02, 1.45666916e+02,
       2.56319916e+02, 1.27742538e+02, 2.54835342e+02, 2.71391998e+02,
       2.46670105e+02, 2.53749374e+02, 2.45499619e+02, 2.36204834e+02,
       2.44340637e+02, 2.18465729e+02, 2.43253220e+02, 2.00549118e+02,
       2.41900497e+02, 1.82896820e+02, 2.40827621e+02, 1.64895309e+02,
       2.39565750e+02, 1.47074585e+02, 2.38381927e+02, 1.29222488e+02,
       2.37452225e+02, 2.70779877e+02, 3.18768524e+02, 2.53443924e+02,
       3.21853333e+02, 2.35561172e+02, 3.25202728e+02, 2.18028244e+02,
       3.28414703e+02, 1.99763290e+02, 3.31779785e+02, 1.81780319e+02,
       3.35216522e+02, 1.63358826e+02, 3.38613495e+02, 1.45116608e+02,
       3.41819489e+02, 1.26546371e+02, 3.45323944e+02, 2.67895172e+02,
       3.01525604e+02, 2.50441742e+02, 3.04637878e+02, 2.32787704e+02,
       3.07664276e+02, 2.14835373e+02, 3.11017151e+02, 1.96832428e+02,
